descript
{
	version,1
	
	//satolist.palette.offset,282,41
	//satolist.palette.frame,125,125
}

//TODO
//PSD
//Readme


//—————————— Animations numbering scheme ——————————
//0 - Blink
//5 - Talk
//11 - Blush (multiply)
//12 - Sweat
//20 - Kick (background)
//100 - Tabard
//200 - Brooch
//300 - Book color
//400 - Book cover (multiply)
//500 - Left rings
//600 - Right rings
//1000 - Magic glow
//2000 - Magic


//—————————————————————————————— Sakura surfaces ——————————————————————————————
//—————————— Base / Eyes ——————————
//Read / base
surface0-3,5,7-8,20-29,1000-1003,1005,1007-1008,1020-1029,2000-2003,2005,2007-2008,2020-2029,3000-3003,3005,3007-3008,3020-3029,4000-4003,4005,4007-4008,4020-4029,5000-5003,5005,5007-5008,5020-5029,6000-6003,6005,6007-6008,6020-6029,7000-7003,7005,7007-7008,7020-7029,8000-8003,8005,8007-8008,8020-8029,9000-9003,9005,9007-9008,9020-9029
{
	element0,overlay,base.png,0,0
	element1,overlay,eyes/read.png,0,0	
}

//Ones in the basic range that have predefined eyes
surface4,1004,2004,3004,4004,5004,6004,7004,8004,9004
{
	element0,overlay,base.png,0,0
	element1,overlay,eyes/closed_down.png,0,0	
}

surface6,1006,2006,3006,4006,5006,6006,7006,8006,9006
{
	element0,overlay,base.png,0,0
	element1,overlay,eyes/closed_down.png,0,0	
}

surface9,1009,2009,3009,4009,5009,6009,7009,8009,9009
{
	element0,overlay,base.png,0,0
	element1,overlay,eyes/squeeze.png,0,0	
}


//Forward
surface100-109,120-129,1100-1109,1120-1129,2100-2109,2120-2129,3100-3109,3120-3129,4100-4109,4120-4129,5100-5109,5120-5129,6100-6109,6120-6129,7100-7109,7120-7129,8100-8109,8120-8129,9100-9109,9120-9129
{
	element0,overlay,base.png,0,0
	element1,overlay,eyes/forward.png,0,0	
}

//Left
surface200-209,220-229,1200-1209,1220-1229,2200-2209,2220-2229,3200-3209,3220-3229,4200-4209,4220-4229,5200-5209,5220-5229,6200-6209,6220-6229,7200-7209,7220-7229,8200-8209,8220-8229,9200-9209,9220-9229
{
	element0,overlay,base.png,0,0
	element1,overlay,eyes/left.png,0,0	
}

//Right
surface300-309,320-329,1300-1309,1320-1329,2300-2309,2320-2329,3300-3309,3320-3329,4300-4309,4320-4329,5300-5309,5320-5329,6300-6309,6320-6329,7300-7309,7320-7329,8300-8309,8320-8329,9300-9309,9320-9329
{
	element0,overlay,base.png,0,0
	element1,overlay,eyes/right.png,0,0	
}

//Left up
surface400-409,420-429,1400-1409,1420-1429,2400-2409,2420-2429,3400-3409,3420-3429,4400-4409,4420-4429,5400-5409,5420-5429,6400-6409,6420-6429,7400-7409,7420-7429,8400-8409,8420-8429,9400-9409,9420-9429
{
	element0,overlay,base.png,0,0
	element1,overlay,eyes/left_up.png,0,0	
}

//Right up
surface500-509,520-529,1500-1509,1520-1529,2500-2509,2520-2529,3500-3509,3520-3529,4500-4509,4520-4529,5500-5509,5520-5529,6500-6509,6520-6529,7500-7509,7520-7529,8500-8509,8520-8529,9500-9509,9520-9529
{
	element0,overlay,base.png,0,0
	element1,overlay,eyes/right_up.png,0,0	
}

//Closed down
surface600-609,620-629,1600-1609,1620-1629,2600-2609,2620-2629,3600-3609,3620-3629,4600-4609,4620-4629,5600-5609,5620-5629,6600-6609,6620-6629,7600-7609,7620-7629,8600-8609,8620-8629,9600-9609,9620-9629
{
	element0,overlay,base.png,0,0
	element1,overlay,eyes/closed_down.png,0,0	
}

//Closed up
surface700-709,720-729,1700-1709,1720-1729,2700-2709,2720-2729,3700-3709,3720-3729,4700-4709,4720-4729,5700-5709,5720-5729,6700-6709,6720-6729,7700-7709,7720-7729,8700-8709,8720-8729,9700-9709,9720-9729
{
	element0,overlay,base.png,0,0
	element1,overlay,eyes/closed_up.png,0,0	
}

//Squeeze
surface800-809,820-829,1800-1809,1820-1829,2800-2809,2820-2829,3800-3809,3820-3829,4800-4809,4820-4829,5800-5809,5820-5829,6800-6809,6820-6829,7800-7809,7820-7829,8800-8809,8820-8829,9800-9809,9820-9829
{
	element0,overlay,base.png,0,0
	element1,overlay,eyes/squeeze.png,0,0	
}


//—————————— Eyebrows / Mouths ——————————
//Normal
surface0,100,200,300,400,500,600,700,800,1000,1100,1200,1300,1400,1500,1600,1700,1800,2000,2100,2200,2300,2400,2500,2600,2700,2800,3000,3100,3200,3300,3400,3500,3600,3700,3800,4000,4100,4200,4300,4400,4500,4600,4700,4800,5000,5100,5200,5300,5400,5500,5600,5700,5800,6000,6100,6200,6300,6400,6500,6600,6700,6800,7000,7100,7200,7300,7400,7500,7600,7700,7800,8000,8100,8200,8300,8400,8500,8600,8700,8800,9000,9100,9200,9300,9400,9500,9600,9700,9800
{
	element2,overlay,eyebrows/furrowed.png,0,0
	element3,overlay,mouth/neutral.png,0,0
}

//Embarrassed
surface1,101,201,301,401,501,601,701,801,1001,1101,1201,1301,1401,1501,1601,1701,1801,2001,2101,2201,2301,2401,2501,2601,2701,2801,3001,3101,3201,3301,3401,3501,3601,3701,3801,4001,4101,4201,4301,4401,4501,4601,4701,4801,5001,5101,5201,5301,5401,5501,5601,5701,5801,6001,6101,6201,6301,6401,6501,6601,6701,6801,7001,7101,7201,7301,7401,7501,7601,7701,7801,8001,8101,8201,8301,8401,8501,8601,8701,8801,9001,9101,9201,9301,9401,9501,9601,9701,9801
{
	element2,overlay,eyebrows/lowered.png,0,0
	element3,overlay,mouth/frown.png,0,0
}

//Surprised
surface2,102,202,302,402,502,602,702,802,1002,1102,1202,1302,1402,1502,1602,1702,1802,2002,2102,2202,2302,2402,2502,2602,2702,2802,3002,3102,3202,3302,3402,3502,3602,3702,3802,4002,4102,4202,4302,4402,4502,4602,4702,4802,5002,5102,5202,5302,5402,5502,5602,5702,5802,6002,6102,6202,6302,6402,6502,6602,6702,6802,7002,7102,7202,7302,7402,7502,7602,7702,7802,8002,8102,8202,8302,8402,8502,8602,8702,8802,9002,9102,9202,9302,9402,9502,9602,9702,9802
{
	element2,overlay,eyebrows/raised.png,0,0
	element3,overlay,mouth/gasp.png,0,0
}

//Anxious
surface3,103,203,303,403,503,603,703,803,1003,1103,1203,1303,1403,1503,1603,1703,1803,2003,2103,2203,2303,2403,2503,2603,2703,2803,3003,3103,3203,3303,3403,3503,3603,3703,3803,4003,4103,4203,4303,4403,4503,4603,4703,4803,5003,5103,5203,5303,5403,5503,5603,5703,5803,6003,6103,6203,6303,6403,6503,6603,6703,6803,7003,7103,7203,7303,7403,7503,7603,7703,7803,8003,8103,8203,8303,8403,8503,8603,8703,8803,9003,9103,9203,9303,9403,9503,9603,9703,9803
{
	element2,overlay,eyebrows/lowered.png,0,0
	element3,overlay,mouth/frown.png,0,0
}

//Discouraged
surface4,104,204,304,404,504,604,704,804,1004,1104,1204,1304,1404,1504,1604,1704,1804,2004,2104,2204,2304,2404,2504,2604,2704,2804,3004,3104,3204,3304,3404,3504,3604,3704,3804,4004,4104,4204,4304,4404,4504,4604,4704,4804,5004,5104,5204,5304,5404,5504,5604,5704,5804,6004,6104,6204,6304,6404,6504,6604,6704,6804,7004,7104,7204,7304,7404,7504,7604,7704,7804,8004,8104,8204,8304,8404,8504,8604,8704,8804,9004,9104,9204,9304,9404,9504,9604,9704,9804
{
	element2,overlay,eyebrows/lowered.png,0,0
	element3,overlay,mouth/neutral.png,0,0
}

//Smile
surface5,105,205,305,405,505,605,705,805,1005,1105,1205,1305,1405,1505,1605,1705,1805,2005,2105,2205,2305,2405,2505,2605,2705,2805,3005,3105,3205,3305,3405,3505,3605,3705,3805,4005,4105,4205,4305,4405,4505,4605,4705,4805,5005,5105,5205,5305,5405,5505,5605,5705,5805,6005,6105,6205,6305,6405,6505,6605,6705,6805,7005,7105,7205,7305,7405,7505,7605,7705,7805,8005,8105,8205,8305,8405,8505,8605,8705,8805,9005,9105,9205,9305,9405,9505,9605,9705,9805
{
	element2,overlay,eyebrows/raised.png,0,0
	element3,overlay,mouth/smile.png,0,0
}

//Eyes closed
surface6,106,206,306,406,506,606,706,806,1006,1106,1206,1306,1406,1506,1606,1706,1806,2006,2106,2206,2306,2406,2506,2606,2706,2806,3006,3106,3206,3306,3406,3506,3606,3706,3806,4006,4106,4206,4306,4406,4506,4606,4706,4806,5006,5106,5206,5306,5406,5506,5606,5706,5806,6006,6106,6206,6306,6406,6506,6606,6706,6806,7006,7106,7206,7306,7406,7506,7606,7706,7806,8006,8106,8206,8306,8406,8506,8606,8706,8806,9006,9106,9206,9306,9406,9506,9606,9706,9806
{
	element2,overlay,eyebrows/neutral.png,0,0
	element3,overlay,mouth/smile.png,0,0
}

//Angry
surface7,107,207,307,407,507,607,707,807,1007,1107,1207,1307,1407,1507,1607,1707,1807,2007,2107,2207,2307,2407,2507,2607,2707,2807,3007,3107,3207,3307,3407,3507,3607,3707,3807,4007,4107,4207,4307,4407,4507,4607,4707,4807,5007,5107,5207,5307,5407,5507,5607,5707,5807,6007,6107,6207,6307,6407,6507,6607,6707,6807,7007,7107,7207,7307,7407,7507,7607,7707,7807,8007,8107,8207,8307,8407,8507,8607,8707,8807,9007,9107,9207,9307,9407,9507,9607,9707,9807
{
	element2,overlay,eyebrows/furrowed.png,0,0
	element3,overlay,mouth/grimace.png,0,0
}

//Sweat smile
surface8,108,208,308,408,508,608,708,808,1008,1108,1208,1308,1408,1508,1608,1708,1808,2008,2108,2208,2308,2408,2508,2608,2708,2808,3008,3108,3208,3308,3408,3508,3608,3708,3808,4008,4108,4208,4308,4408,4508,4608,4708,4808,5008,5108,5208,5308,5408,5508,5608,5708,5808,6008,6108,6208,6308,6408,6508,6608,6708,6808,7008,7108,7208,7308,7408,7508,7608,7708,7808,8008,8108,8208,8308,8408,8508,8608,8708,8808,9008,9108,9208,9308,9408,9508,9608,9708,9808
{
	element2,overlay,eyebrows/lowered.png,0,0
	element3,overlay,mouth/smile.png,0,0
}

//Embarrassed & angry
surface9,109,209,309,409,509,609,709,809,1009,1109,1209,1309,1409,1509,1609,1709,1809,2009,2109,2209,2309,2409,2509,2609,2709,2809,3009,3109,3209,3309,3409,3509,3609,3709,3809,4009,4109,4209,4309,4409,4509,4609,4709,4809,5009,5109,5209,5309,5409,5509,5609,5709,5809,6009,6109,6209,6309,6409,6509,6609,6709,6809,7009,7109,7209,7309,7409,7509,7609,7709,7809,8009,8109,8209,8309,8409,8509,8609,8709,8809,9009,9109,9209,9309,9409,9509,9609,9709,9809
{
	element2,overlay,eyebrows/furrowed.png,0,0
	element3,overlay,mouth/grimace.png,0,0
}

//10-19 range reserved for kero

//Skeptical
surface20,120,220,320,420,520,620,720,820,1020,1120,1220,1320,1420,1520,1620,1720,1820,2020,2120,2220,2320,2420,2520,2620,2720,2820,3020,3120,3220,3320,3420,3520,3620,3720,3820,4020,4120,4220,4320,4420,4520,4620,4720,4820,5020,5120,5220,5320,5420,5520,5620,5720,5820,6020,6120,6220,6320,6420,6520,6620,6720,6820,7020,7120,7220,7320,7420,7520,7620,7720,7820,8020,8120,8220,8320,8420,8520,8620,8720,8820,9020,9120,9220,9320,9420,9520,9620,9720,9820
{
	element2,overlay,eyebrows/skeptical_alt.png,0,0
	element3,overlay,mouth/neutral.png,0,0
}

//Grin
surface21,121,221,321,421,521,621,721,821,1021,1121,1221,1321,1421,1521,1621,1721,1821,2021,2121,2221,2321,2421,2521,2621,2721,2821,3021,3121,3221,3321,3421,3521,3621,3721,3821,4021,4121,4221,4321,4421,4521,4621,4721,4821,5021,5121,5221,5321,5421,5521,5621,5721,5821,6021,6121,6221,6321,6421,6521,6621,6721,6821,7021,7121,7221,7321,7421,7521,7621,7721,7821,8021,8121,8221,8321,8421,8521,8621,8721,8821,9021,9121,9221,9321,9421,9521,9621,9721,9821
{
	element2,overlay,eyebrows/raised.png,0,0
	element3,overlay,mouth/grin.png,0,0
}

//Ambitious
surface22,122,222,322,422,522,622,722,822,1022,1122,1222,1322,1422,1522,1622,1722,1822,2022,2122,2222,2322,2422,2522,2622,2722,2822,3022,3122,3222,3322,3422,3522,3622,3722,3822,4022,4122,4222,4322,4422,4522,4622,4722,4822,5022,5122,5222,5322,5422,5522,5622,5722,5822,6022,6122,6222,6322,6422,6522,6622,6722,6822,7022,7122,7222,7322,7422,7522,7622,7722,7822,8022,8122,8222,8322,8422,8522,8622,8722,8822,9022,9122,9222,9322,9422,9522,9622,9722,9822
{
	element2,overlay,eyebrows/furrowed.png,0,0
	element3,overlay,mouth/grin.png,0,0
}

//Sheepish
surface23,123,223,323,423,523,623,723,823,1023,1123,1223,1323,1423,1523,1623,1723,1823,2023,2123,2223,2323,2423,2523,2623,2723,2823,3023,3123,3223,3323,3423,3523,3623,3723,3823,4023,4123,4223,4323,4423,4523,4623,4723,4823,5023,5123,5223,5323,5423,5523,5623,5723,5823,6023,6123,6223,6323,6423,6523,6623,6723,6823,7023,7123,7223,7323,7423,7523,7623,7723,7823,8023,8123,8223,8323,8423,8523,8623,8723,8823,9023,9123,9223,9323,9423,9523,9623,9723,9823
{
	element2,overlay,eyebrows/lowered.png,0,0
	element3,overlay,mouth/grin.png,0,0
}

//Ick
surface24,124,224,324,424,524,624,724,824,1024,1124,1224,1324,1424,1524,1624,1724,1824,2024,2124,2224,2324,2424,2524,2624,2724,2824,3024,3124,3224,3324,3424,3524,3624,3724,3824,4024,4124,4224,4324,4424,4524,4624,4724,4824,5024,5124,5224,5324,5424,5524,5624,5724,5824,6024,6124,6224,6324,6424,6524,6624,6724,6824,7024,7124,7224,7324,7424,7524,7624,7724,7824,8024,8124,8224,8324,8424,8524,8624,8724,8824,9024,9124,9224,9324,9424,9524,9624,9724,9824
{
	element2,overlay,eyebrows/furrowed.png,0,0
	element3,overlay,mouth/tongue.png,0,0
}

//Bleh
surface25,125,225,325,425,525,625,725,825,1025,1125,1225,1325,1425,1525,1625,1725,1825,2025,2125,2225,2325,2425,2525,2625,2725,2825,3025,3125,3225,3325,3425,3525,3625,3725,3825,4025,4125,4225,4325,4425,4525,4625,4725,4825,5025,5125,5225,5325,5425,5525,5625,5725,5825,6025,6125,6225,6325,6425,6525,6625,6725,6825,7025,7125,7225,7325,7425,7525,7625,7725,7825,8025,8125,8225,8325,8425,8525,8625,8725,8825,9025,9125,9225,9325,9425,9525,9625,9725,9825
{
	element2,overlay,eyebrows/lowered.png,0,0
	element3,overlay,mouth/tongue.png,0,0
}

//Yikes
surface26,126,226,326,426,526,626,726,826,1026,1126,1226,1326,1426,1526,1626,1726,1826,2026,2126,2226,2326,2426,2526,2626,2726,2826,3026,3126,3226,3326,3426,3526,3626,3726,3826,4026,4126,4226,4326,4426,4526,4626,4726,4826,5026,5126,5226,5326,5426,5526,5626,5726,5826,6026,6126,6226,6326,6426,6526,6626,6726,6826,7026,7126,7226,7326,7426,7526,7626,7726,7826,8026,8126,8226,8326,8426,8526,8626,8726,8826,9026,9126,9226,9326,9426,9526,9626,9726,9826
{
	element2,overlay,eyebrows/raised.png,0,0
	element3,overlay,mouth/grimace.png,0,0
}

//Grimace
surface27,127,227,327,427,527,627,727,827,1027,1127,1227,1327,1427,1527,1627,1727,1827,2027,2127,2227,2327,2427,2527,2627,2727,2827,3027,3127,3227,3327,3427,3527,3627,3727,3827,4027,4127,4227,4327,4427,4527,4627,4727,4827,5027,5127,5227,5327,5427,5527,5627,5727,5827,6027,6127,6227,6327,6427,6527,6627,6727,6827,7027,7127,7227,7327,7427,7527,7627,7727,7827,8027,8127,8227,8327,8427,8527,8627,8727,8827,9027,9127,9227,9327,9427,9527,9627,9727,9827
{
	element2,overlay,eyebrows/lowered.png,0,0
	element3,overlay,mouth/grimace.png,0,0
}

//Shouting
surface28,128,228,328,428,528,628,728,828,1028,1128,1228,1328,1428,1528,1628,1728,1828,2028,2128,2228,2328,2428,2528,2628,2728,2828,3028,3128,3228,3328,3428,3528,3628,3728,3828,4028,4128,4228,4328,4428,4528,4628,4728,4828,5028,5128,5228,5328,5428,5528,5628,5728,5828,6028,6128,6228,6328,6428,6528,6628,6728,6828,7028,7128,7228,7328,7428,7528,7628,7728,7828,8028,8128,8228,8328,8428,8528,8628,8728,8828,9028,9128,9228,9328,9428,9528,9628,9728,9828
{
	element2,overlay,eyebrows/furrowed.png,0,0
	element3,overlay,mouth/gasp.png,0,0
}

//Anguish
surface29,129,229,329,429,529,629,729,829,1029,1129,1229,1329,1429,1529,1629,1729,1829,2029,2129,2229,2329,2429,2529,2629,2729,2829,3029,3129,3229,3329,3429,3529,3629,3729,3829,4029,4129,4229,4329,4429,4529,4629,4729,4829,5029,5129,5229,5329,5429,5529,5629,5729,5829,6029,6129,6229,6329,6429,6529,6629,6729,6829,7029,7129,7229,7329,7429,7529,7629,7729,7829,8029,8129,8229,8329,8429,8529,8629,8729,8829,9029,9129,9229,9329,9429,9529,9629,9729,9829
{
	element2,overlay,eyebrows/lowered.png,0,0
	element3,overlay,mouth/gasp.png,0,0
}


//—————————— Arms ——————————
//Book
surface.append0-999,!10-19
{
	element4,overlay,arm/book.png,0,0
	
	animation999000.interval,runonce
	animation999000.pattern0,overlay,999000,0,0,0
}

//Define arm to use as animation
surface999000
{
	element0,overlay,arm/book.png,0,0
}

//Extended
surface.append1000-1999
{
	element4,overlay,arm/extended.png,0,0
}

//Gesture
surface.append2000-2999
{
	element4,overlay,arm/gesture.png,0,0
}

//Point
surface.append3000-3999
{
	element4,overlay,arm/point.png,0,0
}

//Think
surface.append4000-4999
{
	element4,overlay,arm/think.png,0,0
	
	animation4999000.interval,runonce
	animation4999000.pattern0,overlay,4999000,0,0,0
}

//Define arm to use as animation
surface4999000
{
	element0,overlay,arm/think.png,0,0
}

//Rest
surface.append5000-5999
{
	element4,overlay,arm/rest.png,0,0
}

//Grasp
surface.append6000-6999
{
	element4,overlay,arm/grasp.png,0,0
}

//Wave
surface.append7000-7999
{
	element4,overlay,arm/wave.png,0,0
}

//Temple
surface.append8000-8999
{
	element4,overlay,arm/temple.png,0,0
}

//Scratch
surface.append9000-9999
{
	element4,overlay,arm/scratch.png,0,0
	
	//Tabard color - the tabard on this arm has a slightly different position and needs a little patch
	animation100.interval,bind
	animation100.pattern0,overlay,10000,0,0,0
	animation100.pattern1,overlay,9999000,0,0,0
	
	animation101.interval,bind
	animation101.pattern0,overlay,10001,0,0,0
	animation101.pattern1,overlay,9999001,0,0,0
	
	animation102.interval,bind
	animation102.pattern0,overlay,10002,0,0,0
	animation102.pattern1,overlay,9999002,0,0,0
	
	animation103.interval,bind
	animation103.pattern0,overlay,10003,0,0,0
	animation103.pattern1,overlay,9999003,0,0,0
}

//Define tabard pieces to use as dressups
surface9999000
{
	element0,overlay,tabard/scratch_purple.png,0,0
}

surface9999001
{
	element0,overlay,tabard/scratch_red.png,0,0
}

surface9999002
{
	element0,overlay,tabard/scratch_blue.png,0,0
}

surface9999003
{
	element0,overlay,tabard/scratch_gold.png,0,0
}


//Blink
surface.append0-9999,!10-19,!4,!6,!9,!600-899,!1004,!1006,!1009,!1600-1899,!2004,!2006,!2009,!2600-2899,!3004,!3006,!3009,!3600-3899,!4004,!4006,!4009,!4600-4899,!5004,!5006,!5009,!5600-5899,!6004,!6006,!6009,!6600-6899,!7004,!7006,!7009,!7600-7899,!8004,!8006,!8009,!8600-8899,!9004,!9006,!9009,!9600-9899
{
	animation0.interval,random,4
	animation0.pattern0,overlay,300000,0,0,0
	animation0.pattern1,overlay,300001,75,0,0
	animation0.pattern2,overlay,-1,50,0,0
	animation0.option,shared-index
}


//—————————— Talk ——————————
//These big long clusters of numbers were made with column editing. If you need to change them, I suggest using find and replace to change commas to linebreaks, and editing them as columns...
//Closed start, no smile
surface.append0,1,3,4,20,100,101,103,104,120,200,201,203,204,220,300,301,303,304,320,400,401,403,404,420,500,501,503,504,520,600,601,603,604,620,700,701,703,704,720,800,801,803,804,820,1000,1001,1003,1004,1020,1100,1101,1103,1104,1120,1200,1201,1203,1204,1220,1300,1301,1303,1304,1320,1400,1401,1403,1404,1420,1500,1501,1503,1504,1520,1600,1601,1603,1604,1620,1700,1701,1703,1704,1720,1800,1801,1803,1804,1820,2000,2001,2003,2004,2020,2100,2101,2103,2104,2120,2200,2201,2203,2204,2220,2300,2301,2303,2304,2320,2400,2401,2403,2404,2420,2500,2501,2503,2504,2520,2600,2601,2603,2604,2620,2700,2701,2703,2704,2720,2800,2801,2803,2804,2820,3000,3001,3003,3004,3020,3100,3101,3103,3104,3120,3200,3201,3203,3204,3220,3300,3301,3303,3304,3320,3400,3401,3403,3404,3420,3500,3501,3503,3504,3520,3600,3601,3603,3604,3620,3700,3701,3703,3704,3720,3800,3801,3803,3804,3820,4000,4001,4003,4004,4020,4100,4101,4103,4104,4120,4200,4201,4203,4204,4220,4300,4301,4303,4304,4320,4400,4401,4403,4404,4420,4500,4501,4503,4504,4520,4600,4601,4603,4604,4620,4700,4701,4703,4704,4720,4800,4801,4803,4804,4820,5000,5001,5003,5004,5020,5100,5101,5103,5104,5120,5200,5201,5203,5204,5220,5300,5301,5303,5304,5320,5400,5401,5403,5404,5420,5500,5501,5503,5504,5520,5600,5601,5603,5604,5620,5700,5701,5703,5704,5720,5800,5801,5803,5804,5820,6000,6001,6003,6004,6020,6100,6101,6103,6104,6120,6200,6201,6203,6204,6220,6300,6301,6303,6304,6320,6400,6401,6403,6404,6420,6500,6501,6503,6504,6520,6600,6601,6603,6604,6620,6700,6701,6703,6704,6720,6800,6801,6803,6804,6820,7000,7001,7003,7004,7020,7100,7101,7103,7104,7120,7200,7201,7203,7204,7220,7300,7301,7303,7304,7320,7400,7401,7403,7404,7420,7500,7501,7503,7504,7520,7600,7601,7603,7604,7620,7700,7701,7703,7704,7720,7800,7801,7803,7804,7820,8000,8001,8003,8004,8020,8100,8101,8103,8104,8120,8200,8201,8203,8204,8220,8300,8301,8303,8304,8320,8400,8401,8403,8404,8420,8500,8501,8503,8504,8520,8600,8601,8603,8604,8620,8700,8701,8703,8704,8720,8800,8801,8803,8804,8820,9000,9001,9003,9004,9020,9100,9101,9103,9104,9120,9200,9201,9203,9204,9220,9300,9301,9303,9304,9320,9400,9401,9403,9404,9420,9500,9501,9503,9504,9520,9600,9601,9603,9604,9620,9700,9701,9703,9704,9720,9800,9801,9803,9804,9820
{
	animation5.interval,talk,4
	animation5.pattern0,alternativestart,(6,7,8)
	
	animation6.interval,never
	animation6.pattern0,overlay,300053,0,0,0
	animation6.pattern1,overlay,300050,150,0,0
	animation6.pattern2,overlay,-1,150,0,0
	
	animation7.interval,never
	animation7.pattern0,overlay,300050,0,0,0
	animation7.pattern1,overlay,-1,150,0,0
	
	animation8.interval,never
	animation8.pattern0,overlay,300053,0,0,0
	animation8.pattern1,overlay,-1,150,0,0
}

//Closed start, smile
surface.append5,6,8,21,22,23,105,106,108,121,122,123,205,206,208,221,222,223,305,306,308,321,322,323,405,406,408,421,422,423,505,506,508,521,522,523,605,606,608,621,622,623,705,706,708,721,722,723,805,806,808,821,822,823,1005,1006,1008,1021,1022,1023,1105,1106,1108,1121,1122,1123,1205,1206,1208,1221,1222,1223,1305,1306,1308,1321,1322,1323,1405,1406,1408,1421,1422,1423,1505,1506,1508,1521,1522,1523,1605,1606,1608,1621,1622,1623,1705,1706,1708,1721,1722,1723,1805,1806,1808,1821,1822,1823,2005,2006,2008,2021,2022,2023,2105,2106,2108,2121,2122,2123,2205,2206,2208,2221,2222,2223,2305,2306,2308,2321,2322,2323,2405,2406,2408,2421,2422,2423,2505,2506,2508,2521,2522,2523,2605,2606,2608,2621,2622,2623,2705,2706,2708,2721,2722,2723,2805,2806,2808,2821,2822,2823,3005,3006,3008,3021,3022,3023,3105,3106,3108,3121,3122,3123,3205,3206,3208,3221,3222,3223,3305,3306,3308,3321,3322,3323,3405,3406,3408,3421,3422,3423,3505,3506,3508,3521,3522,3523,3605,3606,3608,3621,3622,3623,3705,3706,3708,3721,3722,3723,3805,3806,3808,3821,3822,3823,4005,4006,4008,4021,4022,4023,4105,4106,4108,4121,4122,4123,4205,4206,4208,4221,4222,4223,4305,4306,4308,4321,4322,4323,4405,4406,4408,4421,4422,4423,4505,4506,4508,4521,4522,4523,4605,4606,4608,4621,4622,4623,4705,4706,4708,4721,4722,4723,4805,4806,4808,4821,4822,4823,5005,5006,5008,5021,5022,5023,5105,5106,5108,5121,5122,5123,5205,5206,5208,5221,5222,5223,5305,5306,5308,5321,5322,5323,5405,5406,5408,5421,5422,5423,5505,5506,5508,5521,5522,5523,5605,5606,5608,5621,5622,5623,5705,5706,5708,5721,5722,5723,5805,5806,5808,5821,5822,5823,6005,6006,6008,6021,6022,6023,6105,6106,6108,6121,6122,6123,6205,6206,6208,6221,6222,6223,6305,6306,6308,6321,6322,6323,6405,6406,6408,6421,6422,6423,6505,6506,6508,6521,6522,6523,6605,6606,6608,6621,6622,6623,6705,6706,6708,6721,6722,6723,6805,6806,6808,6821,6822,6823,7005,7006,7008,7021,7022,7023,7105,7106,7108,7121,7122,7123,7205,7206,7208,7221,7222,7223,7305,7306,7308,7321,7322,7323,7405,7406,7408,7421,7422,7423,7505,7506,7508,7521,7522,7523,7605,7606,7608,7621,7622,7623,7705,7706,7708,7721,7722,7723,7805,7806,7808,7821,7822,7823,8005,8006,8008,8021,8022,8023,8105,8106,8108,8121,8122,8123,8205,8206,8208,8221,8222,8223,8305,8306,8308,8321,8322,8323,8405,8406,8408,8421,8422,8423,8505,8506,8508,8521,8522,8523,8605,8606,8608,8621,8622,8623,8705,8706,8708,8721,8722,8723,8805,8806,8808,8821,8822,8823,9005,9006,9008,9021,9022,9023,9105,9106,9108,9121,9122,9123,9205,9206,9208,9221,9222,9223,9305,9306,9308,9321,9322,9323,9405,9406,9408,9421,9422,9423,9505,9506,9508,9521,9522,9523,9605,9606,9608,9621,9622,9623,9705,9706,9708,9721,9722,9723,9805,9806,9808,9821,9822,9823
{
	animation5.interval,talk,5
	animation5.pattern0,alternativestart,(6,7,8)
	
	animation6.interval,never
	animation6.pattern0,overlay,300050,0,0,0
	animation6.pattern1,overlay,300054,150,0,0
	animation6.pattern2,overlay,-1,150,0,0
	
	animation7.interval,never
	animation7.pattern0,overlay,300050,0,0,0
	animation7.pattern1,overlay,-1,150,0,0
	
	animation8.interval,never
	animation8.pattern0,overlay,300053,0,0,0
	animation8.pattern1,overlay,-1,150,0,0
}

//Open mouth start
surface.append2,28,29,102,128,129,202,228,229,302,328,329,402,428,429,502,528,529,602,628,629,702,728,729,802,828,829,1002,1028,1029,1102,1128,1129,1202,1228,1229,1302,1328,1329,1402,1428,1429,1502,1528,1529,1602,1628,1629,1702,1728,1729,1802,1828,1829,2002,2028,2029,2102,2128,2129,2202,2228,2229,2302,2328,2329,2402,2428,2429,2502,2528,2529,2602,2628,2629,2702,2728,2729,2802,2828,2829,3002,3028,3029,3102,3128,3129,3202,3228,3229,3302,3328,3329,3402,3428,3429,3502,3528,3529,3602,3628,3629,3702,3728,3729,3802,3828,3829,4002,4028,4029,4102,4128,4129,4202,4228,4229,4302,4328,4329,4402,4428,4429,4502,4528,4529,4602,4628,4629,4702,4728,4729,4802,4828,4829,5002,5028,5029,5102,5128,5129,5202,5228,5229,5302,5328,5329,5402,5428,5429,5502,5528,5529,5602,5628,5629,5702,5728,5729,5802,5828,5829,6002,6028,6029,6102,6128,6129,6202,6228,6229,6302,6328,6329,6402,6428,6429,6502,6528,6529,6602,6628,6629,6702,6728,6729,6802,6828,6829,7002,7028,7029,7102,7128,7129,7202,7228,7229,7302,7328,7329,7402,7428,7429,7502,7528,7529,7602,7628,7629,7702,7728,7729,7802,7828,7829,8002,8028,8029,8102,8128,8129,8202,8228,8229,8302,8328,8329,8402,8428,8429,8502,8528,8529,8602,8628,8629,8702,8728,8729,8802,8828,8829,9002,9028,9029,9102,9128,9129,9202,9228,9229,9302,9328,9329,9402,9428,9429,9502,9528,9529,9602,9628,9629,9702,9728,9729,9802,9828,9829
{
	animation5.interval,talk,5
	animation5.pattern0,alternativestart,(6,7,8)
	
	animation6.interval,never
	animation6.pattern0,overlay,300053,0,0,0
	animation6.pattern1,overlay,-1,150,0,0
	
	animation7.interval,never
	animation7.pattern0,overlay,300050,0,0,0
	animation7.pattern1,overlay,-1,150,0,0
	
	animation8.interval,never
	animation8.pattern0,overlay,300051,0,0,0
	animation8.pattern1,overlay,-1,150,0,0
}

//Gritted
surface.append7,9,26,27,107,109,126,127,207,209,226,227,307,309,326,327,407,409,426,427,507,509,526,527,607,609,626,627,707,709,726,727,807,809,826,827,1007,1009,1026,1027,1107,1109,1126,1127,1207,1209,1226,1227,1307,1309,1326,1327,1407,1409,1426,1427,1507,1509,1526,1527,1607,1609,1626,1627,1707,1709,1726,1727,1807,1809,1826,1827,2007,2009,2026,2027,2107,2109,2126,2127,2207,2209,2226,2227,2307,2309,2326,2327,2407,2409,2426,2427,2507,2509,2526,2527,2607,2609,2626,2627,2707,2709,2726,2727,2807,2809,2826,2827,3007,3009,3026,3027,3107,3109,3126,3127,3207,3209,3226,3227,3307,3309,3326,3327,3407,3409,3426,3427,3507,3509,3526,3527,3607,3609,3626,3627,3707,3709,3726,3727,3807,3809,3826,3827,4007,4009,4026,4027,4107,4109,4126,4127,4207,4209,4226,4227,4307,4309,4326,4327,4407,4409,4426,4427,4507,4509,4526,4527,4607,4609,4626,4627,4707,4709,4726,4727,4807,4809,4826,4827,5007,5009,5026,5027,5107,5109,5126,5127,5207,5209,5226,5227,5307,5309,5326,5327,5407,5409,5426,5427,5507,5509,5526,5527,5607,5609,5626,5627,5707,5709,5726,5727,5807,5809,5826,5827,6007,6009,6026,6027,6107,6109,6126,6127,6207,6209,6226,6227,6307,6309,6326,6327,6407,6409,6426,6427,6507,6509,6526,6527,6607,6609,6626,6627,6707,6709,6726,6727,6807,6809,6826,6827,7007,7009,7026,7027,7107,7109,7126,7127,7207,7209,7226,7227,7307,7309,7326,7327,7407,7409,7426,7427,7507,7509,7526,7527,7607,7609,7626,7627,7707,7709,7726,7727,7807,7809,7826,7827,8007,8009,8026,8027,8107,8109,8126,8127,8207,8209,8226,8227,8307,8309,8326,8327,8407,8409,8426,8427,8507,8509,8526,8527,8607,8609,8626,8627,8707,8709,8726,8727,8807,8809,8826,8827,9007,9009,9026,9027,9107,9109,9126,9127,9207,9209,9226,9227,9307,9309,9326,9327,9407,9409,9426,9427,9507,9509,9526,9527,9607,9609,9626,9627,9707,9709,9726,9727,9807,9809,9826,9827
{
	animation5.interval,talk,5
	animation5.pattern0,alternativestart,(6,7,8)
	
	animation6.interval,never
	animation6.pattern0,overlay,300050,0,0,0
	animation6.pattern1,overlay,300052,150,0,0
	animation6.pattern2,overlay,-1,150,0,0
	
	animation7.interval,never
	animation7.pattern0,overlay,300050,0,0,0
	animation7.pattern1,overlay,-1,150,0,0
	
	animation8.interval,never
	animation8.pattern0,overlay,300051,0,0,0
	animation8.pattern1,overlay,-1,150,0,0
}


//Tongue
surface.append24,25,124,125,224,225,324,325,424,425,524,525,624,625,724,725,824,825,1024,1025,1124,1125,1224,1225,1324,1325,1424,1425,1524,1525,1624,1625,1724,1725,1824,1825,2024,2025,2124,2125,2224,2225,2324,2325,2424,2425,2524,2525,2624,2625,2724,2725,2824,2825,3024,3025,3124,3125,3224,3225,3324,3325,3424,3425,3524,3525,3624,3625,3724,3725,3824,3825,4024,4025,4124,4125,4224,4225,4324,4325,4424,4425,4524,4525,4624,4625,4724,4725,4824,4825,5024,5025,5124,5125,5224,5225,5324,5325,5424,5425,5524,5525,5624,5625,5724,5725,5824,5825,6024,6025,6124,6125,6224,6225,6324,6325,6424,6425,6524,6525,6624,6625,6724,6725,6824,6825,7024,7025,7124,7125,7224,7225,7324,7325,7424,7425,7524,7525,7624,7625,7724,7725,7824,7825,8024,8025,8124,8125,8224,8225,8324,8325,8424,8425,8524,8525,8624,8625,8724,8725,8824,8825,9024,9025,9124,9125,9224,9225,9324,9325,9424,9425,9524,9525,9624,9625,9724,9725,9824,9825
{
	animation5.interval,talk,5
	animation5.pattern0,alternativestart,(6,7)
	
	animation6.interval,never
	animation6.pattern0,overlay,300055,0,0,0
	animation6.pattern1,overlay,300056,150,0,0
	animation6.pattern2,overlay,-1,150,0,0
	
	animation7.interval,never
	animation7.pattern0,overlay,300056,0,0,0
	animation7.pattern1,overlay,-1,150,0,0
}


//Blush
surface.append0-9999,!10-19,!1,!9,!101,!109,!201,!209,!301,!309,!401,!409,!501,!509,!601,!609,!701,!709,!801,!809,!1001,!1009,!1101,!1109,!1201,!1209,!1301,!1309,!1401,!1409,!1501,!1509,!1601,!1609,!1701,!1709,!1801,!1809,!2001,!2009,!2101,!2109,!2201,!2209,!2301,!2309,!2401,!2409,!2501,!2509,!2601,!2609,!2701,!2709,!2801,!2809,!3001,!3009,!3101,!3109,!3201,!3209,!3301,!3309,!3401,!3409,!3501,!3509,!3601,!3609,!3701,!3709,!3801,!3809,!4001,!4009,!4101,!4109,!4201,!4209,!4301,!4309,!4401,!4409,!4501,!4509,!4601,!4609,!4701,!4709,!4801,!4809,!5001,!5009,!5101,!5109,!5201,!5209,!5301,!5309,!5401,!5409,!5501,!5509,!5601,!5609,!5701,!5709,!5801,!5809,!6001,!6009,!6101,!6109,!6201,!6209,!6301,!6309,!6401,!6409,!6501,!6509,!6601,!6609,!6701,!6709,!6801,!6809,!7001,!7009,!7101,!7109,!7201,!7209,!7301,!7309,!7401,!7409,!7501,!7509,!7601,!7609,!7701,!7709,!7801,!7809,!8001,!8009,!8101,!8109,!8201,!8209,!8301,!8309,!8401,!8409,!8501,!8509,!8601,!8609,!8701,!8709,!8801,!8809,!9001,!9009,!9101,!9109,!9201,!9209,!9301,!9309,!9401,!9409,!9501,!9509,!9601,!9609,!9701,!9709,!9801,!9809
{
	animation11.interval,never
	animation11.pattern0,overlaymultiply,300101,0,0,0
}

surface.append1,9,101,109,201,209,301,309,401,409,501,509,601,609,701,709,801,809,1001,1009,1101,1109,1201,1209,1301,1309,1401,1409,1501,1509,1601,1609,1701,1709,1801,1809,2001,2009,2101,2109,2201,2209,2301,2309,2401,2409,2501,2509,2601,2609,2701,2709,2801,2809,3001,3009,3101,3109,3201,3209,3301,3309,3401,3409,3501,3509,3601,3609,3701,3709,3801,3809,4001,4009,4101,4109,4201,4209,4301,4309,4401,4409,4501,4509,4601,4609,4701,4709,4801,4809,5001,5009,5101,5109,5201,5209,5301,5309,5401,5409,5501,5509,5601,5609,5701,5709,5801,5809,6001,6009,6101,6109,6201,6209,6301,6309,6401,6409,6501,6509,6601,6609,6701,6709,6801,6809,7001,7009,7101,7109,7201,7209,7301,7309,7401,7409,7501,7509,7601,7609,7701,7709,7801,7809,8001,8009,8101,8109,8201,8209,8301,8309,8401,8409,8501,8509,8601,8609,8701,8709,8801,8809,9001,9009,9101,9109,9201,9209,9301,9309,9401,9409,9501,9509,9601,9609,9701,9709,9801,9809
{
	animation11.interval,runonce
	animation11.pattern0,overlaymultiply,300101,0,0,0
}


//Sweat
surface.append0-9999,!10-19,!8,!108,!208,!308,!408,!508,!608,!708,!808,!1008,!1108,!1208,!1308,!1408,!1508,!1608,!1708,!1808,!2008,!2108,!2208,!2308,!2408,!2508,!2608,!2708,!2808,!3008,!3108,!3208,!3308,!3408,!3508,!3608,!3708,!3808,!4008,!4108,!4208,!4308,!4408,!4508,!4608,!4708,!4808,!5008,!5108,!5208,!5308,!5408,!5508,!5608,!5708,!5808,!6008,!6108,!6208,!6308,!6408,!6508,!6608,!6708,!6808,!7008,!7108,!7208,!7308,!7408,!7508,!7608,!7708,!7808,!8008,!8108,!8208,!8308,!8408,!8508,!8608,!8708,!8808,!9008,!9108,!9208,!9308,!9408,!9508,!9608,!9708,!9808
{
	animation12.interval,never
	animation12.pattern0,overlay,300102,0,0,0
}

surface.append8,108,208,308,408,508,608,708,808,1008,1108,1208,1308,1408,1508,1608,1708,1808,2008,2108,2208,2308,2408,2508,2608,2708,2808,3008,3108,3208,3308,3408,3508,3608,3708,3808,4008,4108,4208,4308,4408,4508,4608,4708,4808,5008,5108,5208,5308,5408,5508,5608,5708,5808,6008,6108,6208,6308,6408,6508,6608,6708,6808,7008,7108,7208,7308,7408,7508,7608,7708,7808,8008,8108,8208,8308,8408,8508,8608,8708,8808,9008,9108,9208,9308,9408,9508,9608,9708,9808
{
	animation12.interval,runonce
	animation12.pattern0,overlay,300102,0,0,0
}


//Kicky foot
surface.append0-9999,!10-19
{
	animation20.interval,always
	animation20.pattern0,overlay,300200,0,0,0
	animation20.pattern1,overlay,300202,2000-3000,0,0
	animation20.pattern2,overlay,300203,50,0,0
	animation20.pattern3,overlay,300202,50,0,0
	animation20.pattern4,overlay,300201,65,0,0
	animation20.pattern5,overlay,300203,100,0,0
	animation20.pattern6,overlay,300202,50,0,0
	animation20.pattern7,overlay,300201,65,0,0
	animation20.pattern8,overlay,300200,100,0,0
	animation20.option,shared-index
}


//Tabard dressups (omitted from 9000 range because that one has a special setup)
surface.append0-8999,!10-19
{
	//Tabard
	animation100.interval,bind
	animation100.pattern0,overlay,10000,0,0,0
	
	animation101.interval,bind
	animation101.pattern0,overlay,10001,0,0,0
	
	animation102.interval,bind
	animation102.pattern0,overlay,10002,0,0,0
	
	animation103.interval,bind
	animation103.pattern0,overlay,10003,0,0,0
}

//Dressups
surface.append0-9999,!10-19
{
	//Brooch
	animation200.interval,bind
	animation200.pattern0,overlay,20000,0,0,0
	animation200.collisionex200,brooch,region,collision/star.png,222,222,222
	
	animation201.interval,bind
	animation201.pattern0,overlay,20001,0,0,0
	animation201.collisionex200,brooch,region,collision/star_moon.png,222,222,222
	
	animation202.interval,bind
	animation202.pattern0,overlay,20002,0,0,0
	animation202.collisionex200,brooch,region,collision/moon.png,222,222,222
	
	
	//Book color
	animation300.interval,bind
	animation300.pattern0,overlay,30000,0,0,0
	
	animation301.interval,bind
	animation301.pattern0,overlay,30001,0,0,0
	
	animation302.interval,bind
	animation302.pattern0,overlay,30002,0,0,0
	
	animation303.interval,bind
	animation303.pattern0,overlay,30003,0,0,0
	
	
	//Book cover
	animation400.interval,bind
	animation400.pattern0,overlaymultiply,40000,0,0,0
	
	animation401.interval,bind
	animation401.pattern0,overlaymultiply,40001,0,0,0
	
	animation402.interval,bind
	animation402.pattern0,overlaymultiply,40002,0,0,0
	
	animation403.interval,bind
	animation403.pattern0,overlaymultiply,40003,0,0,0
	
	
	//Left hand rings (his left)
	//Pointer finger
	animation500.interval,bind
	animation500.pattern0,overlay,50000,0,0,0
	
	animation501.interval,bind
	animation501.pattern0,overlay,50001,0,0,0
	
	animation502.interval,bind
	animation502.pattern0,overlay,50002,0,0,0
	
	
	//Middle finger
	animation510.interval,bind
	animation510.pattern0,overlay,50100,0,0,0
	
	animation511.interval,bind
	animation511.pattern0,overlay,50101,0,0,0
	
	animation512.interval,bind
	animation512.pattern0,overlay,50102,0,0,0
}

//Right hand ring dressups (his right)
//Extended
surface.append1000-1999
{
	//Pointer finger
	animation600.interval,bind
	animation600.pattern0,overlay,61000,0,0,0
	
	animation601.interval,bind
	animation601.pattern0,overlay,61001,0,0,0
	
	animation602.interval,bind
	animation602.pattern0,overlay,61002,0,0,0
	
	
	//Middle finger
	animation610.interval,bind
	animation610.pattern0,overlay,61100,0,0,0
	
	animation611.interval,bind
	animation611.pattern0,overlay,61101,0,0,0
	
	animation612.interval,bind
	animation612.pattern0,overlay,61102,0,0,0
}

//Gesture
surface.append2000-2999
{
	//Pointer finger
	animation600.interval,bind
	animation600.pattern0,overlay,62000,0,0,0
	
	animation601.interval,bind
	animation601.pattern0,overlay,62001,0,0,0
	
	animation602.interval,bind
	animation602.pattern0,overlay,62002,0,0,0
	
	
	//Middle finger
	animation610.interval,bind
	animation610.pattern0,overlay,62100,0,0,0
	
	animation611.interval,bind
	animation611.pattern0,overlay,62101,0,0,0
	
	animation612.interval,bind
	animation612.pattern0,overlay,62102,0,0,0
}

//Point
surface.append3000-3999
{
	//Pointer finger
	animation600.interval,bind
	animation600.pattern0,overlay,63000,0,0,0
	
	animation601.interval,bind
	animation601.pattern0,overlay,63001,0,0,0
	
	animation602.interval,bind
	animation602.pattern0,overlay,63002,0,0,0
	
	
	//Middle finger
	animation610.interval,bind
	animation610.pattern0,overlay,63100,0,0,0
	
	animation611.interval,bind
	animation611.pattern0,overlay,63101,0,0,0
	
	animation612.interval,bind
	animation612.pattern0,overlay,63102,0,0,0
}

//Think
surface.append4000-4999,4999000
{
	//Pointer finger
	animation600.interval,bind
	animation600.pattern0,overlay,64000,0,0,0
	
	animation601.interval,bind
	animation601.pattern0,overlay,64001,0,0,0
	
	animation602.interval,bind
	animation602.pattern0,overlay,64002,0,0,0
	
	
	//Middle finger
	animation610.interval,bind
	animation610.pattern0,overlay,64100,0,0,0
	
	animation611.interval,bind
	animation611.pattern0,overlay,64101,0,0,0
	
	animation612.interval,bind
	animation612.pattern0,overlay,64102,0,0,0
}

//Rest
surface.append5000-5999
{
	//Pointer finger
	animation600.interval,bind
	animation600.pattern0,overlay,65000,0,0,0
	
	animation601.interval,bind
	animation601.pattern0,overlay,65001,0,0,0
	
	animation602.interval,bind
	animation602.pattern0,overlay,65002,0,0,0
	
	
	//Middle finger
	animation610.interval,bind
	animation610.pattern0,overlay,65100,0,0,0
	
	animation611.interval,bind
	animation611.pattern0,overlay,65101,0,0,0
	
	animation612.interval,bind
	animation612.pattern0,overlay,65102,0,0,0
}

//Rest
surface.append6000-6999
{
	//Pointer finger
	animation600.interval,bind
	animation600.pattern0,overlay,66000,0,0,0
	
	animation601.interval,bind
	animation601.pattern0,overlay,66001,0,0,0
	
	animation602.interval,bind
	animation602.pattern0,overlay,66002,0,0,0
	
	
	//Middle finger
	animation610.interval,bind
	animation610.pattern0,overlay,66100,0,0,0
	
	animation611.interval,bind
	animation611.pattern0,overlay,66101,0,0,0
	
	animation612.interval,bind
	animation612.pattern0,overlay,66102,0,0,0
}

//Rest
surface.append7000-7999
{
	//Pointer finger
	animation600.interval,bind
	animation600.pattern0,overlay,67000,0,0,0
	
	animation601.interval,bind
	animation601.pattern0,overlay,67001,0,0,0
	
	animation602.interval,bind
	animation602.pattern0,overlay,67002,0,0,0
	
	
	//Middle finger
	animation610.interval,bind
	animation610.pattern0,overlay,67100,0,0,0
	
	animation611.interval,bind
	animation611.pattern0,overlay,67101,0,0,0
	
	animation612.interval,bind
	animation612.pattern0,overlay,67102,0,0,0
}

//Rest
surface.append8000-8999
{
	//Middle finger
	animation610.interval,bind
	animation610.pattern0,overlay,68100,0,0,0
	
	animation611.interval,bind
	animation611.pattern0,overlay,68101,0,0,0
	
	animation612.interval,bind
	animation612.pattern0,overlay,68102,0,0,0
}

//Magic + glows
surface.append2000-2999
{
	//—————————— Fire ——————————
	animation1000.interval,bind+always
	animation1000.pattern0,overlayfast,70000,0,0,0
	animation1000.pattern1,overlayfast,70001,100,0,0
	animation1000.pattern2,overlayfast,70002,100,0,0
	animation1000.pattern3,overlayfast,70003,100,0,0
	animation1000.pattern4,overlayfast,70003,100,0,0
	animation1000.option,shared-index
	
	animation2000.interval,bind+always
	animation2000.pattern0,overlay,80000,0,0,0
	animation2000.pattern1,overlay,80001,100,0,0
	animation2000.pattern2,overlay,80002,100,0,0
	animation2000.pattern3,overlay,80003,100,0,0
	animation2000.pattern4,overlay,80003,100,0,0
	animation2000.option,shared-index
	
	
	//—————————— Soul spin ——————————
	animation1100.interval,bind+always
	animation1100.pattern0,overlayfast,71001,0,0,0
	animation1100.pattern1,overlayfast,71002,100,0,0
	animation1100.pattern2,overlayfast,71003,100,0,0
	animation1100.pattern3,overlayfast,71004,100,0,0
	animation1100.pattern4,overlayfast,71003,100,0,0
	animation1100.pattern5,overlayfast,71002,100,0,0
	animation1100.pattern6,overlayfast,71001,100,0,0
	animation1100.pattern7,overlayfast,71000,100,0,0
	animation1100.pattern8,overlayfast,71000,100,0,0
	animation1100.option,shared-index
	
	animation2100.interval,bind+always
	animation2100.pattern0,overlay,81000,0,0,0
	animation2100.pattern1,overlay,81001,100,0,0
	animation2100.pattern2,overlay,81002,100,0,0
	animation2100.pattern3,overlay,81003,100,0,0
	animation2100.pattern4,overlay,81004,100,0,0
	animation2100.pattern5,overlay,81005,100,0,0
	animation2100.pattern6,overlay,81006,100,0,0
	animation2100.pattern7,overlay,81007,100,0,0
	animation2100.pattern8,overlay,81007,100,0,0
	animation2100.option,shared-index
	
	
	//—————————— Soul chasers ——————————
	animation1200.interval,bind+always
	animation1200.pattern0,overlayfast,72000,0,0,0
	animation1200.pattern1,overlayfast,72001,100,0,0
	animation1200.pattern2,overlayfast,72002,100,0,0
	animation1200.pattern3,overlayfast,72003,100,0,0
	animation1200.pattern4,overlayfast,72004,100,0,0
	animation1200.pattern5,overlayfast,72005,100,0,0
	animation1200.pattern6,overlayfast,72006,100,0,0
	animation1200.pattern7,overlayfast,72007,100,0,0
	animation1200.pattern8,overlayfast,72007,100,0,0
	animation1200.option,shared-index
	
	animation2200.interval,bind+always
	animation2200.pattern0,overlay,82000,0,0,0
	animation2200.pattern1,overlay,82001,100,0,0
	animation2200.pattern2,overlay,82002,100,0,0
	animation2200.pattern3,overlay,82003,100,0,0
	animation2200.pattern4,overlay,82004,100,0,0
	animation2200.pattern5,overlay,82005,100,0,0
	animation2200.pattern6,overlay,82006,100,0,0
	animation2200.pattern7,overlay,82007,100,0,0
	animation2200.pattern8,overlay,82007,100,0,0
	animation2200.option,shared-index
}

//Float
surface.append0-9999,!10-19
{
	animation10000.interval,bind+always
	animation10000.pattern0,move,-1,0,0,0
	animation10000.pattern1,move,-1,650,0,-1
	animation10000.pattern2,move,-1,350,0,-2
	animation10000.pattern3,move,-1,200,0,-3
	animation10000.pattern4,move,-1,200,0,-4
	animation10000.pattern5,move,-1,350,0,-5
	animation10000.pattern6,move,-1,650,0,-4
	animation10000.pattern7,move,-1,350,0,-3
	animation10000.pattern8,move,-1,200,0,-2
	animation10000.pattern9,move,-1,200,0,-1
	animation10000.pattern10,move,-1,350,0,-1
	animation10000.option,shared-index
}

//Collisions
surface.append0-9999,!10-19
{
	collisionex0,head,region,collision/head.png,222,222,222
	collisionex1,book,region,collision/book.png,222,222,222
}

//—————————————————————————————— Kero surfaces ——————————————————————————————
surface10
{
}